21
    -0.01625396  -7.110286e-06 -7.8110654e-05     0.25261632  0 0 0 0 0
     0.50665838  0.00025370763 -0.00099254585     0.11407181  1 0 0 0 0
   -0.040981882    0.001829053  -0.0020858667   -0.015520811  2 0 0 0 0
    0.020139346   -0.029810198      1.0630497   0.0022269075  0 1 0 0 0
     -0.4843019    0.036293535   -0.033242756    0.021290221  1 1 0 0 0
   -0.021446697   0.0029057132   -0.022179139     0.13166145  0 2 0 0 0
    -0.40588633   0.0010623197 -9.5847812e-05   -0.061058829  0 0 1 0 0
    0.054604917  0.00049889582  -0.0027891061    0.047626704  1 0 1 0 0
     0.36227807    0.007129709   -0.012953304     -0.0502462  0 1 1 0 0
   -0.004835072   -0.011908149     0.01876244    0.017087385  0 0 2 0 0
   -0.048676244      1.0070275     -2.7519657  -0.0014556756  0 0 0 1 0
      1.2763935     -0.1306575    0.089009253   -0.037371033  1 0 0 1 0
     0.10388537   -0.019236373     0.11671001    -0.19078191  0 1 0 1 0
     -0.9994856     0.11374933    -0.19869173     0.10170917  0 0 1 1 0
   -0.036034819    0.034737959    -0.17092743     0.10956647  0 0 0 2 0
    9.87911e-16 -2.9741442e-15  1.8230983e-15  2.1151235e-15  0 0 0 0 1
  9.5674348e-16 -1.9807622e-16  7.8181234e-16 -4.5746804e-15  1 0 0 0 1
  1.3173763e-16 -5.7315301e-17  3.2293758e-17 -5.4287473e-16  0 1 0 0 1
  1.8672357e-16  1.8964298e-16  5.3951833e-17 -2.6461558e-15  0 0 1 0 1
 -3.2635033e-16 -2.2905547e-16  1.9540047e-16  8.0507494e-16  0 0 0 1 1
  -2.067733e-16  -7.466348e-17  2.4510245e-17  5.2763626e-16  0 0 0 0 2
