16
    -0.0190133122  -0.00237508732   0.00119967349  0  0 0 0 0 0
      0.491959455   -0.0033862903   0.00200378752  0  1 0 0 0 0
    -0.0102793565    0.0378200907    -0.041665516  0  2 0 0 0 0
    -0.0059815721   -0.0627564376      1.12792469  0  0 1 0 0 0
      0.162485379    -0.180602869     0.208986365  0  1 1 0 0 0
     0.0127228994   -0.0698579994   0.00908139033  0  0 2 0 0 0
     -0.381010836    0.0186505445   -0.0118359017  0  0 0 1 0 0
     -0.116489788    -0.125809736     0.226103073  0  1 0 1 0 0
    -0.0164455769     0.727503728    -0.897991279  0  0 1 1 0 0
      0.216930026    0.0426811653    -0.267395819  0  0 0 2 0 0
    0.00501766789      1.06152677     -2.84733317  0  0 0 0 1 0
     -0.594389827     0.248425606    -0.130301798  0  1 0 0 1 0
      0.120236512     0.108174716     0.226851269  0  0 1 0 1 0
      0.639467873    -0.995184398     0.598938259  0  0 0 1 1 0
      -0.20133401    0.0371614135    -0.425565065  0  0 0 0 2 0
     -0.776740385               0               0  0  0 0 0 0 1
