21
   -0.016265428  0.00017064242 -0.00045654972   0  0 0 0 0 0
     0.50638131   0.0011159527  -0.0021959477   0  1 0 0 0 0
   -0.040074342   0.0015028673   0.0038822145   0  2 0 0 0 0
    0.020148823     -0.0382106       1.081493   0  0 1 0 0 0
    -0.48730592    0.029478422   7.948794e-05   0  1 1 0 0 0
   -0.019473252   -0.023671281    0.019177544   0  0 2 0 0 0
    -0.40471071  -0.0016412065   0.0031667667   0  0 0 1 0 0
    0.054159517  -0.0019101418   -0.030165725   0  1 0 1 0 0
     0.36316782    0.053816353    -0.12957348   0  0 1 1 0 0
   -0.013502879  -0.0059648215    0.057719207   0  0 0 2 0 0
   -0.050262431      1.0178465     -2.7754957   0  0 0 0 1 0
      1.2612367    -0.10806322    0.017402213   0  1 0 0 1 0
      0.1280882    0.052453908   -0.039085928   0  0 1 0 1 0
    -0.96013346    0.025074186    0.016388436   0  0 0 1 1 0
   -0.078322525   -0.017668931   -0.011463615   0  0 0 0 2 0
  4.2062233e-16  4.5546672e-16 -5.3969459e-16   0  0 0 0 0 1
 -6.6066522e-17  4.8138255e-16 -1.1801343e-15   0  1 0 0 0 1
 -4.7943149e-16 -8.6860893e-17  6.8098953e-17   0  0 1 0 0 1
 -3.9118341e-16  1.8487649e-16 -3.6740405e-16   0  0 0 1 0 1
  7.0811769e-17  -1.398569e-16  8.1629702e-17   0  0 0 0 1 1
 -1.5556255e-16  5.2384011e-17 -7.2058638e-17   0  0 0 0 0 2
