21
   -0.016348955  0.00025990275 -0.00037908329  0  0 0 0 0 0
     0.50585109   0.0013285479  -0.0026817389  0  1 0 0 0 0
   -0.037670011   0.0030333414  -0.0052014146  0  2 0 0 0 0
    0.008610566   -0.050129424      1.1076118  0  0 1 0 0 0
    -0.23734934     0.15485456    -0.24463627  0  1 1 0 0 0
     0.01600892   -0.024331188   0.0033614207  0  0 2 0 0 0
    -0.40474212  -0.0024863797   0.0047643161  0  0 0 1 0 0
    0.051001299  -0.0084942869    0.014294529  0  1 0 1 0 0
     0.13590989    -0.18480751     0.38838741  0  0 1 1 0 0
   -0.016017811  -0.0056100163   0.0081050705  0  0 0 2 0 0
   -0.023554706      1.0285933     -2.7981763  0  0 0 0 1 0
     0.64235607    -0.21441855      0.2083874  0  1 0 0 1 0
    0.021684576    0.064944296   -0.000781916  0  0 1 0 1 0
    -0.46954897     0.25467416    -0.41368821  0  0 0 1 1 0
    -0.01687733   -0.053182283  -0.0089142806  0  0 0 0 2 0
 -5.7209479e-16  4.2823891e-17  -3.356706e-16  0  0 0 0 0 1
 -4.8338108e-16 -2.4738261e-17  3.1967331e-16  0  1 0 0 0 1
  1.9893742e-16 -2.0513864e-16  2.2193036e-16  0  0 1 0 0 1
  8.1869141e-17 -5.2027724e-17  1.3046838e-16  0  0 0 1 0 1
  6.1838459e-16  1.4263362e-16 -1.9736089e-16  0  0 0 0 1 1
  1.7656504e-16 -5.6889022e-17  6.5956198e-17  0  0 0 0 0 2
