21
    -0.0188433293 -7.43290485e-05  -0.00028149794  0  0 0 0 0 0
      0.498593971  -0.00400176567   0.00727671593  0  1 0 0 0 0
    -0.0234605727   0.00407655774   -0.0128578746  0  2 0 0 0 0
    0.00403809883   -0.0576171793      1.14364047  0  0 1 0 0 0
     -0.267737001     0.201938943    -0.319814741  0  1 1 0 0 0
     0.0511212883    -0.202907307    0.0376559904  0  0 2 0 0 0
     -0.388442197   0.00932751193   -0.0138156497  0  0 0 1 0 0
     0.0205536352   -0.0127221976    0.0644459259  0  1 0 1 0 0
      0.123596393    -0.303638223     0.606546987  0  0 1 1 0 0
    -0.0124183402    0.0190004098   -0.0454002986  0  0 0 2 0 0
    -0.0219476208      1.04791881     -2.84664728  0  0 0 0 1 0
      0.642660982    -0.240453869     0.272293864  0  1 0 0 1 0
      0.027626162     0.559608081   -0.0748169941  0  0 1 0 1 0
     -0.400023799     0.347874686    -0.580941418  0  0 0 1 1 0
    -0.0469985184    0.0514116126    -0.221825418  0  0 0 0 2 0
    4.2062233e-16   4.5546672e-16  -5.3969459e-16  0  0 0 0 0 1
   -6.6066522e-17   4.8138255e-16  -1.1801343e-15  0  1 0 0 0 1
   -4.7943149e-16  -8.6860893e-17   6.8098953e-17  0  0 1 0 0 1
   -3.9118341e-16   1.8487649e-16  -3.6740405e-16  0  0 0 1 0 1
    7.0811769e-17   -1.398569e-16   8.1629702e-17  0  0 0 0 1 1
   -1.5556255e-16   5.2384011e-17  -7.2058638e-17  0  0 0 0 0 2
