21
    -0.0176531785  -0.00510513983   0.00263487381               0  0 0 0 0 0
      0.511806258  0.000106894428    0.0102777237               0  1 0 0 0 0
      0.155649419 -0.000444941828    0.0623670296               0  2 0 0 0 0
     0.0230488533   -0.0476096357      1.11054255               0  0 1 0 0 0
     -0.279295715   -0.0999052584     0.203867177               0  1 1 0 0 0
   0.000374577155    0.0596105215     0.046505425               0  0 2 0 0 0
      -0.44461558   0.00415893094   -0.0274930007               0  0 0 1 0 0
      -1.13204761    0.0184667015    -0.369302116               0  1 0 1 0 0
     0.0475284671     0.389355844    -0.768725995               0  0 1 1 0 0
       1.74771579   -0.0610532343     0.524905167               0  0 0 2 0 0
    -0.0542241635      1.03774377     -2.81720359               0  0 0 0 1 0
      0.758608583    0.0603099828    -0.244839282               0  1 0 0 1 0
    -0.0383683257    -0.249503786   -0.0383134003               0  0 1 0 1 0
     -0.177740876    -0.400519519      0.70739614               0  0 0 1 1 0
      0.078030812     0.573010167    -0.445409316               0  0 0 0 2 0
   -0.00356234478               0               0               0  0 0 0 0 1
    -6.205838e-17   2.9769892e-16  -8.6149145e-16 		0  1 0 0 0 1
   -4.9908869e-17  -7.4546686e-17   1.4053655e-16  		0  0 1 0 0 1
   -2.3530251e-17   5.6125253e-17  -1.2451422e-16  		0  0 0 1 0 1
    1.0374349e-16  -4.6903109e-17   1.4431171e-16  		0  0 0 0 1 1
   -1.6924131e-16  -1.7710198e-17   4.5695892e-17  		0  0 0 0 0 2

