5053
5054
5086
5090
5091
5093
5094
5095
5096
5099
5100
5101
5102
5103
5104
5105
5106
5107
5108
5109
5110
5112
5113
5114
5115
5116
5120
5121
5122
5124
5126
5127
5129
5140
5142
5143
5145
5146
5147
5148
5164
5165
5167
5406
5407
5408
5409
5411
5412
5414
5416
5437
5438
5444
5445
5446
5448
5449
5508
5511
5512
5513
5514
5515
5517
5518
5519
5523
5524
5525
5526
5527
5529
5531
5532
5533
5537
5538
5539
5541
5543
5544
5545
5548
5549
5550
5586
5589
5592
5593
5608
5609
5611
5612
5613
5614
5615
5616
5617
5619
5620
5621
5622
5623
5624
5625
5626
5627
5628
5629
5630
5632
5633
5634
5654
5655
5659
5660
5661
5663
5664
5665
5666
5667
5670
5671
5672
5673
5674
5675
5676
5678
5679
5683
5685
5686
5688
5690
5691
5692
5693
5694
5696
5697
5698
5699
5700
5702
5703
5704
5705
5706
5707
5708
5709
5710
5711
5712
5713
5714
5715
5717
5718
5721
5722
5723
5724
5725
5726
5727
5728
5730
5732
5733
5734
5735
5736
5737
5739
5740
5741
5742
5743
5744
5745
5748
5751
5752
5753
5754
5755
5756
5757
5761
5762
5763
5764
5765
5768
5770
5771
5773
5778
5779
5781
5783
5784
5785
5805
5806
5807
5808
5809
5810
5811
5815
5816
5818
5819
5820
5821
5828
5829
5830
5831
5832
5965
5966
5967
5968
5971
5974
5975
5976
5979
5980
5981
5985
5986
5987
5988
5989
5990
5991
5994
5995
5996
5997
5998
5999
6001
6002
6003
6004
6005
6006
6007
6008
6009
6010
6012
6013
6014
6016
6017
6018
6019
6020
6024
6025
6026
6027
6028
6029
6030
6031
6032
6033
6034
6035
6036
6037
6038
6039
6040
6041
6042
6043
6044
6048
6050
6051
6052
6053
6060
6061
6062
6063
6064
6065
6066
6068
6069
6070
6071
6072
6073
6074
6075
6076
6077
6078
6079
6081
6082
6083
